#The DR12 CMASS post-reconstruction power spectrum monopole measurement
#k(h Mpc^-1) P(k)(Mpc/h)^3 Error-of-P(k)(Mpc/h)^3
0.001539 40359.313225 16224.016877
0.002539 61809.454879 23700.194016
0.003109 90265.106650 25484.302082
0.003590 32280.523379 22046.510562
0.004014 55609.810723 17106.629643
0.004397 93176.954141 17080.695637
0.005078 75715.496239 18203.558487
0.005386 77614.608514 14321.895110
0.005815 82196.159268 14544.213691
0.006409 99636.478625 13267.630442
0.006769 84368.627365 11527.708834
0.007567 79621.230703 10325.167834
0.008225 72938.857498 10207.571745
0.009101 76064.681457 9000.088690
0.009772 62179.141424 8804.090095
0.010701 52477.996914 7663.564554
0.011701 50623.699299 7043.671984
0.012816 54128.381283 6474.386899
0.013850 56735.921564 6059.279421
0.015103 53210.304721 5353.607490
0.016599 50011.165983 4954.352781
0.018068 50620.897934 4466.965143
0.019643 49289.982726 3913.657911
0.021440 47752.368627 3428.131876
0.023373 45191.037292 3003.784855
0.025445 39351.702767 2703.297554
0.027775 36453.289257 2294.179961
0.030318 37307.264019 1906.511667
0.033041 35564.312766 1687.027532
0.036038 33009.538512 1416.148704
0.039357 30255.418962 1183.408795
0.042899 27683.319084 988.233204
0.046801 26577.519986 814.468942
0.051070 25462.342518 700.399698
0.055696 24170.711308 594.789714
0.060748 22700.460271 494.841652
0.066262 21878.661017 422.315531
0.072261 20427.943299 353.924209
0.078838 18140.073949 284.330918
0.086011 16011.852201 236.927746
0.093810 14049.521655 186.669357
0.102317 12523.677244 152.779279
0.111615 11334.965507 126.713083
0.121751 10564.221971 105.225499
0.132799 9394.057017 86.208965
0.144853 8106.094398 69.950035
0.158002 6889.501117 54.996933
0.172358 5928.769076 45.625743
0.188011 5360.953830 39.214219
0.205075 4573.348703 32.714176
0.223687 3844.534075 26.863813
0.243994 3286.371637 23.542515
0.266151 2860.461543 19.578192
0.290310 2426.202129 16.468053
0.316659 2071.269298 14.447787
